function ms = knots2ms (k)
%
% function ms = knots2ms (k)
% 
% To convert 'k' knots in meters per second.
% ms = 0.514444444444444444445 * k
%

ms = 0.514444444444444444445 * k;

