function ft = meters2feet (m)
ft = 3.28083989501312 * m;
